[intrinsics]
focal_length_mm = 100.0
image_resolution_x_px = 512
image_resolution_y_px = 512
sensor_size_mm = 35.0
fstop = 100.0

[extrinsics]
num_cams_x = 9
num_cams_y = 9
baseline_mm = 42.0
focus_distance_m = 7.900000095367432
center_cam_x_m = 7.3232102394104
center_cam_y_m = 1.1227890253067017
center_cam_z_m = 2.409452199935913
center_cam_rx_rad = 1.4108189344406128
center_cam_ry_rad = 0.010410108603537083
center_cam_rz_rad = -4.594611644744873
offset = 7.777215095988223

[meta]
scene = pens
category = additional
date = 2017-03-22
version = v2.0
authors = Katrin Honauer, Ole Johannsen, Daniel Kondermann, Bastian Goldluecke
contact = contact@lightfield-analysis.net
cycles_seed = 1868338476
disp_min = -1.7
disp_max = 2.0
frustum_disp_min = -2.0
frustum_disp_max = 2.0
depth_map_scale = 10.0

