[intrinsics]
focal_length_mm = 100.0
image_resolution_x_px = 512
image_resolution_y_px = 512
sensor_size_mm = 35.0
fstop = 100.0

[extrinsics]
num_cams_x = 9
num_cams_y = 9
baseline_mm = 3.799999952316284
focus_distance_m = 1.100000023841858
center_cam_x_m = 1.0530765056610107
center_cam_y_m = 0.3222658038139343
center_cam_z_m = 0.35801658034324646
center_cam_rx_rad = 1.3469297885894775
center_cam_ry_rad = 0.0
center_cam_rz_rad = -4.353204250335693
offset = 5.053506320561544

[meta]
scene = vinyl
category = additional
date = 2017-03-23
version = v2.0
authors = Katrin Honauer, Ole Johannsen, Daniel Kondermann, Bastian Goldluecke
contact = contact@lightfield-analysis.net
cycles_seed = 1799249959
disp_min = -1.6
disp_max = 1.2
frustum_disp_min = -2.0
frustum_disp_max = 2.0
depth_map_scale = 10.0

