[intrinsics]
focal_length_mm = 100.0
image_resolution_x_px = 512
image_resolution_y_px = 512
sensor_size_mm = 35.0
fstop = 100.0

[extrinsics]
num_cams_x = 9
num_cams_y = 9
baseline_mm = 5.0
focus_distance_m = 1.2000000476837158
center_cam_x_m = -0.15689179301261902
center_cam_y_m = -0.6352308392524719
center_cam_z_m = 0.7555457353591919
center_cam_rx_rad = 1.3754585981369019
center_cam_ry_rad = -4.25480699561831e-08
center_cam_rz_rad = 0.18597757816314697
offset = 6.095237853035104

[meta]
scene = rosemary
category = additional
date = 2017-03-22
version = v2.0
authors = Katrin Honauer, Ole Johannsen, Daniel Kondermann, Bastian Goldluecke
contact = contact@lightfield-analysis.net
cycles_seed = 1175449785
disp_min = -1.8
disp_max = 1.8
frustum_disp_min = -2.0
frustum_disp_max = 2.0
depth_map_scale = 10.0

