[intrinsics]
focal_length_mm = 100.0
image_resolution_x_px = 512
image_resolution_y_px = 512
sensor_size_mm = 35.0
fstop = 100.0

[extrinsics]
num_cams_x = 9
num_cams_y = 9
baseline_mm = 11.0
focus_distance_m = 2.299999952316284
center_cam_x_m = -1.8157836198806763
center_cam_y_m = -0.7678201198577881
center_cam_z_m = 0.5250729322433472
center_cam_rx_rad = 1.4772011041641235
center_cam_ry_rad = 0.01046592928469181
center_cam_rz_rad = -1.078304648399353
offset = 6.996273436972559

[meta]
scene = kitchen
category = additional
date = 2017-03-22
version = v2.0
authors = Katrin Honauer, Ole Johannsen, Daniel Kondermann, Bastian Goldluecke
contact = contact@lightfield-analysis.net
cycles_seed = 1212744615
disp_min = -1.6
disp_max = 1.8
frustum_disp_min = -2.0
frustum_disp_max = 2.0
depth_map_scale = 10.0

