[intrinsics]
focal_length_mm = 100.0
image_resolution_x_px = 512
image_resolution_y_px = 512
sensor_size_mm = 35.0
fstop = 100.0

[extrinsics]
num_cams_x = 9
num_cams_y = 9
baseline_mm = 5.0
focus_distance_m = 1.5299997329711914
center_cam_x_m = -1.96550452709198
center_cam_y_m = -1.5531861782073975
center_cam_z_m = 1.2048141956329346
center_cam_rx_rad = 1.149407148361206
center_cam_ry_rad = 0.08582251518964767
center_cam_rz_rad = 0.3567638099193573
offset = 4.780579732574003

[meta]
scene = pillows
category = additional
date = 2017-03-21
version = v2.0
authors = Katrin Honauer, Ole Johannsen, Daniel Kondermann, Bastian Goldluecke
contact = contact@lightfield-analysis.net
cycles_seed = 90987953
disp_min = -1.7
disp_max = 1.8
frustum_disp_min = -2.0
frustum_disp_max = 2.0
depth_map_scale = 10.0
