[intrinsics]
focal_length_mm = 100.0
image_resolution_x_px = 512
image_resolution_y_px = 512
sensor_size_mm = 35.0
fstop = 100.0

[extrinsics]
num_cams_x = 9
num_cams_y = 9
baseline_mm = 80.0
focus_distance_m = 6.800000190734863
center_cam_x_m = -4.344656467437744
center_cam_y_m = -5.664498805999756
center_cam_z_m = 1.6143772602081299
center_cam_rx_rad = 1.4758878946304321
center_cam_ry_rad = -4.157481825473042e-08
center_cam_rz_rad = -0.6149072647094727
offset = 17.210083550883603

[meta]
scene = greek
category = training
date = 2017-03-20
version = v2.0
authors = Katrin Honauer, Ole Johannsen, Daniel Kondermann, Bastian Goldluecke
contact = contact@lightfield-analysis.net
cycles_seed = 482582721
disp_min = -3.5
disp_max = 3.1
frustum_disp_min = -3.0
frustum_disp_max = 3.0
depth_map_scale = 10.0

